[observations]
n_obs = 50
[system]
name = RECONS_gaia_test_9
distance = 5.321413
mass = 0.15
am_noise = 7.3220224592e-06
n_planets = 1
planet_1 = 7.50 -4.38 0.48 4.33 5.53 2.88 1.36
