[observations]
n_obs = 50
[system]
name = RECONS_gaia_test_1
distance = 4.031283
mass = 0.16
am_noise = 7.02129784654e-06
n_planets = 1
planet_1 = 7.13 -4.93 0.52 4.27 4.53 1.83 3.38
