[observations]
n_obs = 50
[system]
name = RECONS_gaia_test_8
distance = 3.756151
mass = 0.26
am_noise = 7.20066860918e-06
n_planets = 1
planet_1 = 7.49 -4.94 0.51 0.35 2.83 0.06 2.78
