[observations]
n_obs = 50
[system]
name = RECONS_gaia_test_18
distance = 2.386065
mass = 0.09
am_noise = 1.30952943249e-05
n_planets = 1
planet_1 = 6.88 -4.73 0.10 6.18 1.64 1.69 2.81
