[observations]
n_obs = 50
[system]
name = RECONS_gaia_test_3
distance = 1.300644
mass = 0.11
am_noise = 6.93491270826e-06
n_planets = 1
planet_1 = 6.99 -4.76 0.22 2.43 5.67 1.41 3.85
