[observations]
n_obs = 50
[system]
name = RECONS_gaia_test_11
distance = 2.965423
mass = 0.17
am_noise = 6.96192426922e-06
n_planets = 1
planet_1 = 6.61 -5.85 0.65 5.29 1.66 1.25 3.47
