[observations]
n_obs = 50
[system]
name = RECONS_gaia_test_6
distance = 3.716367
mass = 0.13
am_noise = 7.08988986601e-06
n_planets = 1
planet_1 = 7.51 -4.22 0.41 2.98 3.92 1.06 4.24
