[observations]
n_obs = 50
[system]
name = RECONS_gaia_test_26
distance = 2.386065
mass = 0.09
am_noise = 1.30952943249e-05
n_planets = 1
planet_1 = 7.49 -3.88 0.09 0.35 3.07 2.77 6.13
