[observations]
n_obs = 50
[system]
name = RECONS_gaia_test_22
distance = 4.387889
mass = 0.12
am_noise = 1.04606469887e-05
n_planets = 1
planet_1 = 7.48 -4.18 0.34 3.08 2.13 0.56 1.07
