[observations]
n_obs = 50
[system]
name = RECONS_gaia_test_10
distance = 2.675943
mass = 0.1
am_noise = 1.03970117433e-05
n_planets = 2
planet_1 = 7.29 -4.25 0.72 1.82 1.15 1.84 0.13
planet_2 = 7.40 -4.10 0.68 1.70 4.62 3.02 1.56
