[observations]
n_obs = 50
[system]
name = RECONS_gaia_test_1
distance = 4.031283
mass = 0.16
am_noise = 7.02129784654e-06
n_planets = 3
planet_1 = 7.49 -4.46 0.64 6.25 3.66 1.30 2.98
planet_2 = 7.25 -4.76 0.67 1.99 4.89 2.98 4.16
planet_3 = 6.61 -5.78 0.67 6.11 5.52 1.60 0.35
