[observations]
n_obs = 50
[system]
name = RECONS_gaia_test_27
distance = 3.454231
mass = 0.11
am_noise = 1.16936327665e-05
n_planets = 2
planet_1 = 6.98 -4.78 0.21 1.17 5.93 2.32 3.08
planet_2 = 6.89 -4.92 0.06 2.73 1.96 2.19 2.37
