[observations]
n_obs = 50
[system]
name = RECONS_gaia_test_3
distance = 1.300644
mass = 0.11
am_noise = 6.93491270826e-06
n_planets = 1
planet_1 = 7.03 -4.70 0.44 6.21 0.64 0.66 1.01
