[observations]
n_obs = 50
[system]
name = RECONS_gaia_test_20
distance = 3.354129
mass = 0.16
am_noise = 7.12997521347e-06
n_planets = 1
planet_1 = 6.76 -5.50 0.81 3.58 2.56 0.22 4.38
