[observations]
n_obs = 50
[system]
name = RECONS_gaia_test_20
distance = 3.354129
mass = 0.16
am_noise = 7.12997521347e-06
n_planets = 2
planet_1 = 7.30 -4.70 0.75 6.06 3.48 0.67 1.40
planet_2 = 6.88 -5.31 0.45 6.10 4.28 0.27 0.35
