[observations]
n_obs = 50
[system]
name = RECONS_gaia_test_22
distance = 4.387889
mass = 0.12
am_noise = 1.04606469887e-05
n_planets = 1
planet_1 = 7.14 -4.63 0.98 3.88 3.41 2.68 4.67
