[observations]
n_obs = 50
[system]
name = RECONS_gaia_test_19
distance = 4.448399
mass = 0.14
am_noise = 7.1523712918e-06
n_planets = 1
planet_1 = 7.46 -4.36 1.00 0.94 5.45 0.51 3.87
