[observations]
n_obs = 50
[system]
name = RECONS_gaia_test_25
distance = 3.756151
mass = 0.26
am_noise = 7.20066860918e-06
n_planets = 3
planet_1 = 6.59 -6.30 0.43 5.56 4.27 1.43 3.04
planet_2 = 7.37 -5.09 0.88 1.97 6.02 1.48 4.47
planet_3 = 6.80 -5.92 0.65 1.35 1.17 2.54 4.69
