[observations]
n_obs = 50
[system]
name = RECONS_gaia_test_6
distance = 3.716367
mass = 0.13
am_noise = 7.08988986601e-06
n_planets = 1
planet_1 = 7.50 -4.24 0.98 3.80 4.64 0.12 1.78
