[observations]
n_obs = 50
[system]
name = RECONS_gaia_test_7
distance = 3.573088
mass = 0.16
am_noise = 7.17980505575e-06
n_planets = 4
planet_1 = 6.93 -5.23 0.55 1.04 2.32 0.46 3.58
planet_2 = 7.31 -4.68 0.43 4.75 2.49 2.81 4.01
planet_3 = 7.44 -4.51 0.45 6.15 0.73 2.41 2.59
planet_4 = 7.29 -4.71 0.31 6.07 3.70 2.07 3.35
