[observations]
n_obs = 50
[system]
name = RECONS_gaia_test_21
distance = 3.573088
mass = 0.16
am_noise = 7.17980505575e-06
n_planets = 2
planet_1 = 7.11 -4.96 0.87 6.13 5.38 0.04 2.26
planet_2 = 7.33 -4.66 0.52 0.34 1.26 0.06 4.99
