[observations]
n_obs = 50
[system]
name = RECONS_gaia_test_21
distance = 3.573088
mass = 0.16
am_noise = 7.17980505575e-06
n_planets = 2
planet_1 = 6.88 -5.31 0.45 6.10 4.28 0.27 0.35
planet_2 = 7.14 -4.91 0.98 3.88 3.41 2.68 4.67
