[observations]
n_obs = 50
[system]
name = RECONS_gaia_test_4
distance = 3.160856
mass = 0.12
am_noise = 7.7932645592e-06
n_planets = 1
planet_1 = 7.11 -4.67 0.44 6.15 2.26 1.51 4.33
