[observations]
n_obs = 50
[system]
name = RECONS_gaia_test_3
distance = 1.300644
mass = 0.11
am_noise = 6.93491270826e-06
n_planets = 5
planet_1 = 6.61 -5.40 0.67 6.11 5.52 1.60 0.35
planet_2 = 7.11 -4.58 0.44 6.15 2.26 1.51 4.33
planet_3 = 7.44 -4.15 0.22 3.55 5.44 1.60 5.76
planet_4 = 7.46 -4.12 0.28 0.06 5.29 2.03 5.29
planet_5 = 6.93 -4.86 0.55 1.04 2.32 0.46 3.58
