[observations]
n_obs = 50
[system]
name = RECONS_gaia_test_26
distance = 2.386065
mass = 0.09
am_noise = 1.30952943249e-05
n_planets = 1
planet_1 = 7.22 -4.23 0.93 3.86 3.37 1.85 4.59
