[observations]
n_obs = 50
[system]
name = RECONS_gaia_test_5
distance = 3.160856
mass = 0.12
am_noise = 7.7932645592e-06
n_planets = 2
planet_1 = 7.44 -4.24 0.22 3.55 5.44 1.60 5.76
planet_2 = 7.46 -4.20 0.28 0.06 5.29 2.03 5.29
