[observations]
n_obs = 50
[system]
name = RECONS_gaia_test_4
distance = 3.160856
mass = 0.12
am_noise = 7.7932645592e-06
n_planets = 2
planet_1 = 7.28 -4.44 0.47 1.54 1.00 0.35 4.12
planet_2 = 6.78 -5.18 0.37 5.16 0.61 2.63 0.60
