[observations]
n_obs = 50
[system]
name = RECONS_gaia_test_29
distance = 1.300644
mass = 0.11
am_noise = 6.93491270826e-06
n_planets = 1
planet_1 = 6.81 -5.04 0.72 0.19 4.69 0.29 1.37
