[observations]
n_obs = 50
[system]
name = RECONS_gaia_test_6
distance = 3.716367
mass = 0.13
am_noise = 7.08988986601e-06
n_planets = 4
planet_1 = 7.46 -4.28 0.28 0.06 5.29 2.03 5.29
planet_2 = 6.93 -5.02 0.55 1.04 2.32 0.46 3.58
planet_3 = 7.31 -4.47 0.43 4.75 2.49 2.81 4.01
planet_4 = 7.44 -4.31 0.45 6.15 0.73 2.41 2.59
