[observations]
n_obs = 50
[system]
name = RECONS_gaia_test_8
distance = 3.756151
mass = 0.26
am_noise = 7.20066860918e-06
n_planets = 1
planet_1 = 7.31 -5.17 0.43 4.75 2.49 2.81 4.01
