[observations]
n_obs = 50
[system]
name = RECONS_gaia_test_15
distance = 3.716367
mass = 0.13
am_noise = 7.08988986601e-06
n_planets = 2
planet_1 = 6.96 -4.97 0.59 3.61 4.10 2.05 2.71
planet_2 = 7.45 -4.30 0.44 5.60 5.07 2.21 0.63
