[observations]
n_obs = 50
[system]
name = RECONS_gaia_test_2
distance = 3.454231
mass = 0.11
am_noise = 1.16936327665e-05
n_planets = 1
planet_1 = 7.31 -4.31 0.67 4.21 1.32 0.41 1.98
