[observations]
n_obs = 50
[system]
name = RECONS_gaia_test_24
distance = 3.523236
mass = 0.26
am_noise = 7.05435303744e-06
n_planets = 1
planet_1 = 6.78 -5.96 0.88 5.68 4.06 1.02 3.27
