[observations]
n_obs = 50
[system]
name = RECONS_gaia_test_11
distance = 2.965423
mass = 0.17
am_noise = 6.96192426922e-06
n_planets = 2
planet_1 = 6.89 -5.35 0.62 2.98 2.95 2.25 1.81
planet_2 = 7.05 -5.11 0.88 0.65 0.58 1.11 3.47
