[observations]
n_obs = 50
[system]
name = RECONS_gaia_test_28
distance = 3.454231
mass = 0.11
am_noise = 1.16936327665e-05
n_planets = 2
planet_1 = 7.29 -4.33 0.17 4.43 2.91 2.64 1.29
planet_2 = 6.81 -5.04 0.72 0.19 4.69 0.29 1.37
