[observations]
n_obs = 50
[system]
name = RECONS_gaia_test_28
distance = 3.454231
mass = 0.11
am_noise = 1.16936327665e-05
n_planets = 2
planet_1 = 6.83 -5.01 0.07 4.27 2.85 1.69 5.63
planet_2 = 7.50 -4.06 0.66 1.65 0.13 2.38 2.01
