[observations]
n_obs = 50
[system]
name = RECONS_gaia_test_7
distance = 3.573088
mass = 0.16
am_noise = 7.17980505575e-06
n_planets = 1
planet_1 = 6.76 -5.51 0.12 2.00 2.60 0.20 4.35
