[observations]
n_obs = 50
[system]
name = RECONS_gaia_test_12
distance = 4.031283
mass = 0.16
am_noise = 7.02129784654e-06
n_planets = 2
planet_1 = 7.22 -4.81 0.57 1.40 5.99 1.40 5.32
planet_2 = 7.31 -4.68 0.81 2.49 5.54 1.83 5.54
