[observations]
n_obs = 50
[system]
name = RECONS_gaia_test_13
distance = 1.833147
mass = 0.16
am_noise = 7.15850701165e-06
n_planets = 2
planet_1 = 7.31 -4.69 0.50 6.01 4.05 1.33 3.81
planet_2 = 6.62 -5.76 0.66 1.82 3.88 1.35 0.85
